-2.596707905742804412e-01 -4.533341335306979164e-02 3.462401001112910826e-01 -8.427897626657790409e-02 -1.627412654142286641e+00 3.151056389100930222e-01 2.220214813025850054e-01 1.309685154383074535e-01 2.893929198091064747e-01 4.622225426413782978e-01
-1.254338534223769785e-01 5.505268492056917401e-02 -1.558908863910769327e+00 1.858135013551231562e+00 -7.870629062393755815e-01 -1.553515178124449322e-02 6.948241818894742572e-01 -2.940245460377547415e-01 -4.197929254874329108e-01 1.012971736260053657e+00
5.512711238897454180e-01 8.385742605177459730e-01 -1.084991684784130994e+00 3.138383936194584778e-01 2.553908399448242328e+00 1.763151297019557084e+00 9.806901549853027644e-01 -4.952730654291703782e-01 -5.949746591173491472e-01 -9.542556384119320612e-01
5.572693248606501726e-01 6.772530183880723365e-02 1.191838380945990372e-01 1.943332288205466274e-01 1.145983694808579534e+00 2.017778323414673447e-02 -6.909107663971606472e-01 3.138161964080073973e-01 1.052773927429818124e-01 1.936858697134641760e+00
-5.615932947556006027e-01 1.982526771538807076e+00 8.272303477027217466e-01 -3.554160585964845076e-01 1.000954086145910971e+00 -5.008956313709609365e-01 1.881193818035175047e+00 -2.672475078763258960e-01 4.121785171828512007e-01 -2.741580271200501628e-01
-7.460690721399316772e-01 -9.710622896340447285e-01 -4.203693999756822341e-01 3.987496981925492401e-01 4.084411179437743566e-01 -7.667115069320317167e-01 1.069738486312277193e+00 -1.105478106900967816e+00 1.807808639741339818e-01 -4.190487339004257961e-01
-1.573084650567711185e+00 3.815831446943964700e-01 7.612869957103836072e-01 -6.662867851065896740e-01 -2.190811035772722182e+00 9.704762547641904158e-01 -1.984039189734704556e-01 -2.457236643439226487e-01 1.839554110438246015e+00 2.618125040205468435e-01
1.202972541774707027e+00 -4.149960834845214386e-01 1.621430199110291195e-02 -2.418834305521180839e-01 9.219880327720548774e-01 -8.862241314731049702e-01 7.764515730192754761e-01 6.558043371460994808e-02 3.115984980419986838e-01 -7.702884792739158604e-01
-2.162603636800745299e+00 6.193992535460326465e-01 -6.391673092484707608e-01 3.481302909359928477e-01 3.066922461457990412e-01 2.112396270244488061e+00 6.625400730363448787e-01 -8.592291806615358629e-01 -2.029699066192216517e-01 1.037357863494574373e+00
2.484194729382269706e+00 1.701179234773283699e+00 -2.540496217116933853e+00 2.541645146277669021e-01 -2.477487805424537282e+00 -1.364936586609841011e-02 -1.809639834469406461e+00 -1.397483472991207343e+00 -8.742876458819736074e-01 -3.729731048328036591e-01
